10 10
3.609591 2.238533 2.801801 2.757108 2.387866 2.908180 2.614253 1.802733 2.650394 2.484948
2.238533 2.188695 2.177168 2.027117 2.204784 2.072374 1.980877 1.355649 1.919902 2.007619
2.801801 2.177168 3.942380 3.179652 3.065436 3.219443 2.308125 2.015861 2.505258 2.727452
2.757108 2.027117 3.179652 3.583366 3.052356 3.115016 2.493476 2.372144 2.688830 2.766304
2.387866 2.204784 3.065436 3.052356 3.580892 2.698843 2.351350 2.307934 2.492086 2.422088
2.908180 2.072374 3.219443 3.115016 2.698843 3.561775 2.354836 1.668214 2.607515 2.418379
2.614253 1.980877 2.308125 2.493476 2.351350 2.354836 2.686072 1.320494 2.269144 2.096852
1.802733 1.355649 2.015861 2.372144 2.307934 1.668214 1.320494 2.386581 1.791658 1.848911
2.650394 1.919902 2.505258 2.688830 2.492086 2.607515 2.269144 1.791658 2.549268 1.869957
2.484948 2.007619 2.727452 2.766304 2.422088 2.418379 2.096852 1.848911 1.869957 3.029456